161
162
165
166
175
176
183
184
185
187
188
189
191
192
201
202
203
206
222
223
224
225
226
227
228
229
235
243
244
245
246
247
248
249
250
251
265
266
267
268
269
287
288
289
296
297
298
300
301
304
305
306
307
308
309
310
315
316
317
325
326
328
329
330
333
334
335
336
337
338
341
342
345
346
347
348
349
350
351
352
353
354
357
359
360
361
362
363
364
365
371
372
373
377
379
380
381
382
383
385
386
406
407
408
409
410
411
412
413
414
420
421
422
423
431
432
435
436
437
449
450
451
452
453
454
456
457
458
459
460
478
479
480
481
482
483
484
485
486
487
488
489
490
491
492
493
494
509
510
511
512
513
514
515
516
517
518
522
523
527
528
529
530
531
535
536
537
538
539
540
541
542
548
549
551
552
553
554
555
559
560
564
565
566
567
568
569
570
571
572
573
574
575
576
577
578
579
580
581
582
583
584
588
589
590
591
592
593
594
597
598
602
603
604
610
611
612
613
614
616
617
618
619
620
621
624
625
627
628
629
630
633
634
635
636
637
638
639
640
641
642
643
644
645
646
647
648
649
667
668
669
670
671
672
673
674
675
676
677
678
682
683
684
685
686
687
688
689
692
693
694
695
696
697
698
699
701
702
703
704
705
706
707
714
715
717
718
719
720
721
731
732
733
734
735
736
737
738
741
744
745
747
748
751
752
753
754
757
758
765
766
769
770
772
773
774
776
777
779
780
782
783
784
785
786
787
788
789
790
791
792
793
794
795
796
797
798
799
800
801
802
803
804
805
806
807
808
809
819
820
824
825
826
829
830
833
834
837
838
839
840
841
842
843
844
845
848
849
852
853
854
855
856
857
858
859
860
861
864
866
867
871
872
873
874
876
877
878
879
880
881
882
883
884
885
886
887
888
889
890
891
892
893
894
895
896
897
898
902
903
904
905
917
918
919
920
921
922
923
928
929
930
938
939
940
941
946
947
948
949
950
951
952
953
954
960
961
962
963
964
967
968
971
972
973
976
977
981
982
983
984
985
986
987
988
989
990
991
992
993
994
995
996
997
998
999
1000
1001
1002
1003
1004
1005
1006
1007
1008